JOB 0
COORDS  1.8744625196425737  -1.0651554286006424  -0.18033278574306782  1.6647002740336465  -1.1765258070704254  6.97622878958728  0.7488302475177914  -0.5886071715393275  0.4985587465460622  2.967743839187505  -1.5268076652311398  0.5588211708819815  2.8898948490344187  -1.2501418520952239  6.306513780548774  0.490124190835935  -1.0438781921957834  6.229562552191622  0.7201574767330822  -0.5722698081997217  1.8938712042377612  2.934831919775319  -1.510286039339344  1.9542118504350072  2.9376739014103808  -1.1890990073915464  4.912964569708369  0.5417707414695415  -0.984646178023049  4.835898666570812  1.8156300080216234  -1.0221232908853766  2.6560661290767618  1.7669123219500222  -1.0440112304710407  4.143788038358865  1.8978765228358387  -1.079629350350386  -1.2667830152040394  1.625707640024565  -1.2250981706505044  8.061241421854517  -0.10965405985676213  -0.2231189244844667  -0.05934685318669707  3.846074927169223  -1.9138532546658882  0.048341541916344606  3.8138515550822385  -1.3506997184848013  6.870453385504672  -0.47277424546200514  -0.9990390094982041  6.732231149159791  -0.15745649580382337  -0.1691974678977395  2.388875377659165  3.7851375764766564  -1.9102565820272093  2.4966904537325667  3.907232837371112  -1.220103595219289  4.426451386297138  -0.3911640878282506  -0.9190419497339026  4.285802190002033
ENERGY -463.3796995795314

JOB 1
COORDS  1.8777545964447784  -1.049843548957123  -0.17010645819275585  1.6690239741138473  -1.161017373614137  6.966652164745034  0.8110303346874101  -0.4542084792472678  0.510928724175064  2.907705236389854  -1.6492672699558604  0.5621664642712376  2.89757981933518  -1.1018488561679969  6.30058621394329  0.48625193603825545  -1.1799338012016254  6.220310019971646  0.776887650698427  -0.45703606619417453  1.9067267466405455  2.870871352428897  -1.6516657705457525  1.9579912952047531  2.9413498883364424  -1.0602744858001436  4.905676692290129  0.5325012440650553  -1.1392312829855724  4.825360581009769  1.8083112265342232  -1.0504931764382055  2.657485067567964  1.7601944325407  -1.0724415783410537  4.141216037304733  1.905102681606926  -1.048512530969511  -1.2566231978875362  1.6339051845765196  -1.1937900934910695  8.052451712066446  0.007374919563987044  0.021382839981285446  -0.04568631820084056  3.736154410450323  -2.1273236556592985  0.04542860324566677  3.8242676197921153  -1.0794973834141526  6.868581557582831  -0.47492335108657874  -1.239036755603055  6.724821465065275  -0.04411904142428322  0.037223222469340324  2.418410609572114  3.661487962049331  -2.1531716730848274  2.5087718627040436  3.9034338194942793  -0.9835970399284453  4.406992369654711  -0.39477987228268957  -1.1908089966754838  4.2619446356796145
ENERGY -463.3812745763234

JOB 2
COORDS  1.8912324673205494  -1.0253219466765815  -0.16256178090086013  1.6685927999281294  -1.1327428510640716  6.96035629132756  0.8879958802916573  -0.3352127362292087  0.5262473492865525  2.8470103339778485  -1.7499612206560267  0.557642623681081  2.885006681507906  -0.9601681641349951  6.291216458170472  0.49306155158578174  -1.2973985947218525  6.219867782337754  0.8410479742639404  -0.3704592800024018  1.9219283893777133  2.7987248734285624  -1.7842960797561402  1.953243319195374  2.924958719508622  -0.9532182969951862  4.8948896707554574  0.5346279759108318  -1.2902679683699176  4.823646147249181  1.7929807735003835  -1.098741634166648  2.6565323525546614  1.751291040984926  -1.1222656575491512  4.139812469485309  1.928570089754042  -0.9977010226685004  -1.2484897580999357  1.6368799730263435  -1.1376000195335447  8.046803597884095  0.1473099653237305  0.24015135091452985  -0.02353549331145684  3.6264717643393145  -2.2955345459474668  0.03161931994771748  3.802507937138711  -0.820008871911085  6.857314864685579  -0.4563071005802922  -1.4393923682625243  6.730209190463353  0.07374941464361308  0.18943941506476597  2.450262620975507  3.531964603016023  -2.3676555189443773  2.504206059988039  3.87025704275124  -0.7927993819196429  4.382984360664846  -0.37999370413140304  -1.4409105506439124  4.255947002963515
ENERGY -463.3814328292865

JOB 3
COORDS  1.8999597570218885  -1.010325277280809  -0.158476049795868  1.6678932179888568  -1.11524682590533  6.9570576822633825  0.9808358029539195  -0.22091865867858454  0.541061683608276  2.7646570958282783  -1.8531999192315545  0.5480257783344803  2.856192135747016  -0.8152767685864695  6.28232408772574  0.5178000595719215  -1.427407404498  6.22417096727354  0.9250980072454984  -0.27651675314407  1.9364774990084  2.7088805759743684  -1.9067752700375658  1.9434862969452067  2.8943816562162055  -0.8304367382555943  4.885288279873191  0.5571001091160068  -1.4407614281024081  4.82718038776758  1.7812095468817521  -1.127806344591242  2.6543936111193824  1.748161488115476  -1.1535324762094825  4.1404388754049535  1.9441327358926452  -0.9666350442344608  -1.2436773181461573  1.6376179232381256  -1.1026859829649263  8.043541926946121  0.31398829919412685  0.44631925514643095  0.000628229676062497  3.480674123269401  -2.471387343601075  0.012201263200797246  3.751236734595395  -0.5591173479650036  6.8437862369662215  -0.40934902203564516  -1.6635537473484854  6.740480282045908  0.22257906816301234  0.35144520035982024  2.478656103879148  3.3762115003450894  -2.568938815809489  2.4896121965583893  3.8141959657340716  -0.5790882667839711  4.3631923205829874  -0.3359452219803347  -1.6919570199744067  4.260252678887796
ENERGY -463.38023758051156

JOB 4
COORDS  1.90083842026253  -1.015328387202039  -0.1588625512339897  1.6647421238496825  -1.119288574247361  6.957041127498249  1.0986409317058872  -0.11120620265298471  0.5454569738655981  2.6494275101206357  -1.966783546678712  0.542012485711355  2.8032916682225464  -0.6636987057852857  6.2838541654504745  0.5664817749124232  -1.5813217726812667  6.224080936043343  1.0437267606371714  -0.16058502502569988  1.9417983057621448  2.594144578134978  -2.0141664255164846  1.938451786232568  2.843960459903089  -0.6728290692243569  4.886197093325975  0.6080841196242521  -1.588987842801541  4.826399115175056  1.7831224477300098  -1.118708173724959  2.652748483586921  1.7506599805936414  -1.1446598441089637  4.143056618200866  1.9444677875451948  -0.976810809465147  -1.2443269898657463  1.6325610297209523  -1.111555173205486  8.04355954901451  0.5210006222876121  0.6371475857010834  0.008521289948725011  3.2759072125910835  -2.6723505269278607  0.0019342063411827972  3.6572666274306163  -0.2945393791518734  6.846387716392298  -0.3222418822174501  -1.9362065223430958  6.740037647565938  0.42802764244928954  0.5486549714341853  2.4893277734891717  3.175079647906066  -2.754691902308738  2.4826292224338324  3.7249554914175484  -0.3093609544186177  4.363074335067557  -0.2450906401881162  -1.949403235148127  4.25700783479003
ENERGY -463.3785965981206

JOB 5
COORDS  1.8888450738975884  -1.0357421863720548  -0.16106385234076998  1.665802422427703  -1.1429898209562899  6.958423121554801  1.2422390224364415  -0.011174531221622841  0.5382702705917873  2.4911851537685177  -2.081981942230335  0.5455579052292173  2.722881613072767  -0.5090129787891855  6.296931292703528  0.6527950055322714  -1.7563613031680196  6.213881132513975  1.1986642402448349  -0.033391900979035015  1.9360010604759892  2.446731161447994  -2.102775582058778  1.943359398382105  2.7659546976784286  -0.4889314539364431  4.899147073375224  0.6973872431213555  -1.7353729029707559  4.816082637157083  1.8003192505578287  -1.079061414081323  2.652441496193531  1.753952695938287  -1.1016498502425336  4.144741215267866  1.9229904658525019  -1.0189728867386014  -1.247446007783613  1.631814417636093  -1.1589241742562717  8.044823102406518  0.7716931208773136  0.8053633028472906  -0.0038248051187454095  2.9957426185287503  -2.8818747034426955  0.009268759674342101  3.513900486370634  -0.0299257046477775  6.868582694777493  -0.1720633192676164  -2.2512143806305023  6.720585010092643  0.6962020637539994  0.7628626641160634  2.4795103430908854  2.915007922444439  -2.915791889504872  2.4925539396616694  3.587350098814489  0.00397033748249523  4.385093949788847  -0.08991747458999684  -2.2120759005611905  4.237465251059128
ENERGY -463.37785795034495

JOB 6
COORDS  1.8777838290030253  -1.0497550421083  -0.1608445964093827  1.669100382425542  -1.1605429041807682  6.957459463925733  1.3995684826896164  0.06658388418667169  0.533332969143143  2.319668358680995  -2.1696401263425487  0.5516556994981995  2.619707976846508  -0.36691688454600485  6.306853528848744  0.7639451788869907  -1.913779648117489  6.2022183048137265  1.3662217230304516  0.06312552506121061  1.9313060504353186  2.284720917285824  -2.1718619432500206  1.9494757796153475  2.662468246322971  -0.3254338862949636  4.909747395572249  0.8087095416851022  -1.8719449224765705  4.805302128060028  1.8173870735262458  -1.0517998430910744  2.654637196907139  1.751535191740819  -1.0694923183760319  4.143984585749956  1.903275135662669  -1.0481939257634192  -1.2475689297218666  1.63571617509192  -1.1939868590941867  8.043456301665573  1.045926817501401  0.937342959889012  -0.013203398360445392  2.6920833713296752  -3.041460022951573  0.01945806831784258  3.332485231809656  0.2143945701309727  6.88651855526157  0.022588748441237694  -2.5336401803095643  6.700375971505015  0.9853806694266727  0.927244371511725  2.4700465449721127  2.6296662121187224  -3.0418112664429704  2.502756741948909  3.407760742846622  0.2839757369019858  4.404632646402905  0.10407631032234543  -2.4563017538934466  4.218841082671277
ENERGY -463.3785883564904

JOB 7
COORDS  1.8793431523572262  -1.0462206542357249  -0.16060948288568247  1.669368925945199  -1.156686706893619  6.957299744897229  1.5514084338124878  0.11853322638308023  0.5415586041616701  2.169516502954537  -2.21895848357168  0.5449685253446279  2.509690729462422  -0.24988009478409406  6.30247101947548  0.873706138952458  -2.0276469620125894  6.205163545034304  1.5171392216419628  0.11036394732662896  1.938783426995271  2.133327582607716  -2.2259671455601096  1.9421068205818246  2.5511510277235327  -0.2129312084959877  4.905913564392247  0.917263892904106  -1.9907285241716814  4.808713829865423  1.8179899989547292  -1.0587100868953776  2.656833041541141  1.7478132999153908  -1.0752335426499076  4.141750455606874  1.9056406764137501  -1.0408868411915353  -1.247259841661251  1.637025242246859  -1.1864172951782666  8.043392857026076  1.3123445218811411  1.0310238347574905  0.0010379088806303522  2.427387857564763  -3.1279957627550727  0.0072759836798797425  3.1405754872701745  0.4219276120352614  6.87919435817204  0.21630624387358988  -2.733976576628307  6.706044126778059  1.2451738518099673  1.0121930740907026  2.481667525284387  2.3680798953318214  -3.136348210738719  2.4879702100611256  3.2177161478032463  0.4806996007882112  4.399391470417909  0.29121711844583636  -2.6624492021643213  4.2267011844335665
ENERGY -463.3802199755395

JOB 8
COORDS  1.882937960351152  -1.0377767197491263  -0.16305060434920152  1.6701094635287141  -1.147657377129752  6.960306007519204  1.6926122641547603  0.14935303625134366  0.5523405838148626  2.03217223833176  -2.2433168934563112  0.5309474466681728  2.3992047411351414  -0.15645612995766736  6.2945593476629025  0.983786089831524  -2.113683595038149  6.21667799835779  1.6528136366707116  0.13037413481518986  1.9485196673297915  1.9921846167617348  -2.2607541931865294  1.9271669349867526  2.440338360117188  -0.13187124130784073  4.898499229701644  1.025919228328228  -2.0876579765520513  4.820648114935885  1.8064614148272957  -1.0739434709075988  2.6572419873123168  1.7508961632166549  -1.094041413671116  4.14011001188654  1.9135194588945734  -1.0237497836784821  -1.2494501889152105  1.6380347705227878  -1.1677152233645762  8.046568491695124  1.5643140987301756  1.0897558247087062  0.02215518443211249  2.1877944386722494  -3.1702379471171946  -0.01541929669709746  2.9452625429493575  0.5921114586168443  6.8632287651194135  0.40839979956740385  -2.8838714694300425  6.724280362040843  1.4792944536092512  1.053176070656612  2.496077141471863  2.1313687026106587  -3.198291602950729  2.4592023543476533  3.029648015206005  0.6263799199214599  4.389335554653135  0.47159298595564314  -2.828534954857072  4.2503655146724615
ENERGY -463.3814305628671

JOB 9
COORDS  1.8840736698581533  -1.0335956416354064  -0.1701685874280282  1.670964470647535  -1.1437505058417716  6.967491662459826  1.824922706210474  0.16066477329080173  0.5555003211785126  1.9005622328559144  -2.2514245993739794  0.5176440497016871  2.287454514321105  -0.08465375220123382  6.293242480352258  1.0962527375877862  -2.1828307016750883  6.228247738802974  1.7811249533342501  0.13684646027042313  1.9509366399639898  1.8576078970694416  -2.2730590066515974  1.9130616168801453  2.3299792032348563  -0.06607221746079907  4.89768926535059  1.1390329650284652  -2.1619519979246835  4.832815910066363  1.7904878220156153  -1.0803501944834852  2.656504441396349  1.7620453882047264  -1.1071633130297795  4.140679723199985  1.9183738524229146  -1.0154463632507158  -1.2563433326821487  1.6375350440217082  -1.1583945986271014  8.053745939809032  1.8043562593327054  1.114052872063954  0.0334936791495933  1.9593064504234359  -3.186927251092872  -0.03304429195783618  2.744303729395141  0.7259004273445527  6.855516524400364  0.6025508654492595  -3.0059033696240163  6.738820891317408  1.7037691861689674  1.073705891280218  2.495210394454117  1.9067277351841132  -3.226889427196494  2.4306625534131867  2.8407182870013377  0.7492514957795616  4.393387181927192  0.6566710257531424  -2.959787381582939  4.275229275858006
ENERGY -463.3812719193394

JOB 10
COORDS  1.882577844258551  -1.033669543740904  -0.18094608387879957  1.672165947759863  -1.1449680013128798  6.978105391688999  1.964176340545003  0.1550229015763553  0.5506287370066447  1.7599672522205234  -2.245599227672677  0.5054495045733339  2.1616321522668973  -0.02488448138868355  6.299359852631559  1.2232173655480525  -2.2437374496375497  6.239112023142733  1.919807756395939  0.13062452406074623  1.9455553616068502  1.7174085142992033  -2.2658147942569777  1.9004211082083704  2.2043996777606987  -0.006956317861581949  4.904300220518576  1.2661591861135082  -2.2217250812597005  4.844194400675806  1.7812132552789128  -1.0780507670260373  2.654704418025807  1.7712314021957276  -1.1095438464942886  4.142909745858902  1.9178098340342393  -1.0161769689028366  -1.2670346274689017  1.6376149625553171  -1.1597905208495636  8.064254723011265  2.058335355816391  1.107049855584064  0.03426753503908547  1.7103465973228262  -3.181291440150059  -0.04579398003154215  2.5164159443981227  0.8381032441229762  6.8572358051662485  0.8253201506649365  -3.1174355764677046  6.74918450757549  1.9573964901415484  1.0738331651893587  2.4806619098200953  1.6598073957021526  -3.2259539965719974  2.4028137101882856  2.6163109055573277  0.8670967675648649  4.410556932070121  0.8751163869399363  -3.075484001935287  4.300325094923029
ENERGY -463.3797076590348

JOB 11
COORDS  1.8848955443442852  -1.0349843187399355  -0.18971519669813447  1.6693934077689883  -1.1454103378716856  6.987008611714779  2.1523897313058913  0.12183081052417806  0.5476670068901164  1.5747089012032063  -2.213675500016551  0.49437010211059185  1.979585179660578  0.033274097959594046  6.302910640754298  1.4018922181181481  -2.3022222861072232  6.249627065758637  2.1098808789666057  0.09784294790977636  1.9423833331254123  1.533442580496329  -2.232642469054228  1.8892031741769242  2.020840709185812  0.05219823108568862  4.908078713699065  1.444387607735408  -2.2782830368814024  4.854907060107917  1.7995287908521913  -1.0787457999666898  2.6528286844299482  1.7547451607922073  -1.1017030441015954  4.1444564151220025  1.9175123386839  -1.0182654755675649  -1.2758497186198812  1.6367793606342065  -1.1621213091662639  8.073143511596141  2.3958974718443735  1.0498889800080484  0.036541470171946144  1.3631605322004554  -3.1253501933975665  -0.05874219664791661  2.1911386201726613  0.9449581111784162  6.85600638153382  1.1583846251572978  -3.2302718866241826  6.760767307865276  2.3243760352596707  1.0189923953623732  2.472143781218651  1.2883839955471057  -3.169446512302542  2.3765582160878767  2.2659076038050054  0.988990883469166  4.420706124270947  1.2298775814960563  -3.199440777146206  4.325166797341562
ENERGY -463.37838957145755

JOB 12
COORDS  1.8870550103947592  -1.0355852348788182  -0.1808012765693304  1.6673263612908822  -1.1445414315168974  6.978091300540446  2.3333577678082604  0.06302594153406962  0.5599623723177869  1.3961962899118159  -2.1561343493495833  0.49623817579603174  1.7922263579493947  0.06617405444010128  6.290028915099453  1.5866636813400792  -2.3344585972227967  6.248332795868038  2.2924110253411825  0.03849652048338356  1.9549978174452873  1.3555082630446824  -2.1763470148440245  1.891262351861447  1.831814230170553  0.0853499675322626  4.894871036751584  1.6280362468574967  -2.311348009588593  4.853373911778145  1.8156995769954114  -1.086353680985858  2.65535790663536  1.7368701193355385  -1.1007729670508393  4.141780369375947  1.9177621141026968  -1.0173131368060637  -1.267014370421979  1.6371553446964355  -1.1607780996383728  8.064351754640194  2.7197878801195445  0.9424472723562823  0.05090655793152718  1.0309453691579347  -3.0138688173791737  -0.06298906252785036  1.8547142147233162  1.001555894521551  6.840487683281027  1.504222969587909  -3.286716669519522  6.76627070526822  2.672847263032997  0.8969994491904046  2.498687612872722  0.9340121682409522  -3.0462532857527074  2.384439362056922  1.9010248301742492  1.0446942874936997  4.392650460986296  1.6008487294292442  -3.255343280398113  4.318814341677889
ENERGY -463.3797076385192

JOB 13
COORDS  1.8854948335993307  -1.0336760092602002  -0.1698573814106114  1.6696781578181463  -1.1431148528122776  6.967424840067993  2.4604363809889733  0.002908000306233052  0.5727025008910779  1.2671739532355943  -2.094255061022318  0.5004071207920524  1.6518925064001242  0.07270079484657592  6.276108711708967  1.7296906196282857  -2.3396043362091987  6.245479221587828  2.418821976361313  -0.022474484911473802  1.9681098661227971  1.2258420693626688  -2.1172189058967046  1.8958601344635564  1.6917115937052376  0.09055118567261779  4.880513691589098  1.77038783846053  -2.3189640961636337  4.849952308346754  1.806797367376827  -1.085894239824098  2.656637925228971  1.7450216361230713  -1.1044652672965645  4.1398697260205966  1.9172833508449465  -1.014285169500293  -1.2560809772997825  1.6390480424462117  -1.1578645120087387  8.053755910517514  2.950274756794296  0.8297417540058801  0.06449112814032404  0.80483465673471  -2.8998090893972868  -0.0645711302949782  1.5983788365841076  1.0099030977119476  6.824442769373928  1.7574032196043141  -3.291301239173585  6.770251571172015  2.8977769314740427  0.7758354800014646  2.5278633471869307  0.7103837218889703  -2.930777783161538  2.3984026254097537  1.6458871670215107  1.0433379094370445  4.360816717847717  1.8527060116125216  -3.2565892968776686  4.307571630355478
ENERGY -463.38127225008867

JOB 14
COORDS  1.8824749228830944  -1.032413614677711  -0.16314217019172036  1.6730185785312488  -1.1431549388448294  6.960513908714761  1.1536752753929684  -2.023528864554172  0.5030009373105896  2.5691203120063704  -0.06649690689284203  0.5803661378148022  1.8631317206073967  -2.3299942763928914  6.244637440366891  1.5234526782573075  0.06239439124559029  6.266569029933918  1.1132286691543916  -2.048223903281003  1.8990848697414167  2.527840696976375  -0.0923830095045489  1.976391575153831  1.9022768707691504  -2.3107526537684455  4.848432060195601  1.562756099685007  0.08029451432016309  4.870362993802414  1.8030721447308309  -1.0860912511757308  2.657109674824594  1.7482549490316628  -1.1063838036867684  4.139939038637532  1.9140411642115613  -1.012294851061311  -1.2494210054437735  1.6429134774109064  -1.157378999123817  8.046928039763806  0.6073038802002853  -2.7720704325564465  -0.06539715637928044  3.1443948520194707  0.7035872135375126  0.07248524628632604  1.9917286934141496  -3.2705308722771593  6.774508070188303  1.3678754355499538  0.9891797635451135  6.813174112825527  0.523976560997567  -2.806361439049495  2.4085009916274704  3.0823906363230265  0.6485576395146759  2.5463698838687794  2.075812439262923  -3.23342975850437  4.300660387877144  1.4234026110976956  1.0179975043632357  4.338676115572137
ENERGY -463.3814305238789

JOB 15
COORDS  1.8830330878577797  -1.0231595255500814  -0.16011786651936993  1.6768771937788718  -1.1346040546787228  6.957811248684442  1.0430914816018344  -1.9300495672682965  0.49507367456989465  2.6790808453478325  -0.1523339006072178  0.5917614398484536  2.0044539742974425  -2.29933245779599  6.255435335199963  1.3862931033092405  0.03827155909105865  6.252628849511431  1.0024620784610483  -1.9671169416298038  1.8916587617846194  2.63621791793606  -0.18952899885110616  1.9882305503808073  2.038000885388629  -2.2910565598705266  4.858202515661077  1.4217121573064369  0.045565410025167896  4.855482314071611  1.8061123146225926  -1.1050320412749752  2.655731331942461  1.7367321725100757  -1.121749752468395  4.140684605509466  1.9147846804899291  -0.9932625246182866  -1.2462234990700711  1.6511595266073225  -1.1400672181756697  8.044473609234492  0.4118772473241308  -2.6017943034695397  -0.08136465844049333  3.3362148841282764  0.5540942018767464  0.09066878089038172  2.2437992075753934  -3.211860396497794  6.795767094110528  1.1287054497404088  0.9472048677350697  6.790630945071636  0.33616512727222303  -2.6608403361453177  2.3983960429243703  3.2626022092337488  0.4821144422982572  2.5699593019394853  2.3096668203123554  -3.192799428747429  4.3150131076559175  1.1866350396615915  0.955986517874278  4.3098130486783015
ENERGY -463.3802199839194

JOB 16
COORDS  1.8840366760250205  -1.0195889174020971  -0.16007066945033205  1.677646568288365  -1.1309699870365748  6.95798878739983  0.9335457095174514  -1.8130852680169336  0.4909094972396157  2.7895531425630296  -0.2663976567822322  0.5947673270617058  2.15580705561031  -2.247133626911579  6.263446231343685  1.2354479456780243  -0.010946809939153004  6.245916143541457  0.891258709843769  -1.8544977292044953  1.8880202746415333  2.745306813108355  -0.308118477933562  1.991724726308  2.1888073365419123  -2.243432477870466  4.865479166649147  1.2700033949893965  -0.008355804437781566  4.8480677998930695  1.802602297935888  -1.11042822302342  2.653309573133941  1.7372975068758065  -1.1282648794869712  4.142704959156275  1.917038166516437  -0.9862357261030392  -1.246082491206334  1.652438142935909  -1.1328042371414142  8.044719990022456  0.22051912208371377  -2.3943436625438967  -0.08850314406751882  3.530797688568254  0.35333388792465864  0.09628313188153151  2.509663176547669  -3.1179555878387095  6.80974373298922  0.8630826841024034  0.8606912159248863  6.778445603506812  0.14611477345755844  -2.4637709723004884  2.39351057661653  3.4502144189645527  0.27619520947374393  2.5778977584771496  2.569569007296046  -3.1073484826644098  4.326360655905511  0.9248217549624252  0.86167640732523  4.295063294121937
ENERGY -463.37858839378976

JOB 17
COORDS  1.8865425328393397  -1.0365770488087263  -0.16112939571861934  1.6675147461938877  -1.1448690016756462  6.958389206755995  0.8301741735571817  -1.6713631220380016  0.5006540575127697  2.8996910103290667  -0.42300599512317594  0.5830117687932024  2.313714435508927  -2.1694229049787648  6.258719322983256  1.0646113778180957  -0.09876521790490923  6.252089749193048  0.7879672767922811  -1.6919760628572795  1.8984504708197303  2.855949032907146  -0.44454443390349724  1.9808006928300128  2.3563093008884  -2.147218584273584  4.860958414660735  1.1081233528612646  -0.07808366228084267  4.854279680762424  1.8000891225068605  -1.078971998326212  2.65249160816161  1.7541517728797127  -1.1016628933447052  4.144746051086329  1.9199208397549803  -1.0202313843393245  -1.2475364780840568  1.6340544775991943  -1.1615714616810222  8.044788959399607  0.03901123776360953  -2.150481374279884  -0.07076407493222804  3.724007822145204  0.07239862603347032  0.075975672030555  2.7846647179888153  -2.985887128793703  6.800570070050477  0.5604570006783837  0.7011791347006398  6.788676716682563  -0.032958741222039525  -2.1853120887015214  2.4128372587911584  3.643352036315849  0.032318614614910486  2.559159940933279  2.8585016830336563  -2.943441186307203  4.317152481345525  0.6395273449499018  0.7349375338285725  4.305358049966205
ENERGY -463.3778563175788

JOB 18
COORDS  1.8872588777672423  -1.0606395408836482  -0.16029956942725088  1.6556902339769406  -1.1657549903975797  6.956516610384394  0.7492882498920103  -1.5159542950140084  0.5140818612978932  2.9859016000192673  -0.5984907633876645  0.5719408759014917  2.4579760531207673  -2.0689937381010033  6.251126031302678  0.9063110880389306  -0.21432503619923748  6.256527886023649  0.709814283951685  -1.5063592125347847  1.911746040607411  2.9452315613622373  -0.5904697317357426  1.9696882682620518  2.5121986390525737  -2.0188313924790253  4.85482444172561  0.96085528512996  -0.16610164258232793  4.8600624292948424  1.8034225531666028  -1.0343880265911922  2.6544532558050378  1.7719416279110087  -1.0606217364283441  4.144753280408285  1.918674159199329  -1.068748947723897  -1.2468399157502614  1.6125945771621182  -1.2049939176972864  8.041977782298945  -0.1051591648172544  -1.8852922945695076  -0.047618386960759075  3.8743270299502406  -0.24374956917814944  0.055375709322995834  3.03626829370211  -2.817371544247651  6.787322195763353  0.27973051991344255  0.49063710471926414  6.797273211864902  -0.17084390770527377  -1.8696561499404567  2.4355335581305604  3.798930160158307  -0.22986741866057953  2.538172968041973  3.1280168355032227  -2.7274163801347706  4.306579664693331  0.3792469116583229  0.5745098554088891  4.316705670324022
ENERGY -463.3785967282621

JOB 19
COORDS  1.8852818413504808  -1.063929707036632  -0.1591336465861398  1.6560081870944823  -1.169547081893887  6.954982487640939  0.696707249720801  -1.3646226782461224  0.514757571345357  3.036042926533043  -0.7522938858903802  0.5729553738156481  2.575147788890671  -1.959817829502229  6.2564805635153675  0.7903244520906789  -0.32684383642594345  6.249444465613211  0.6594516266664487  -1.3501285261564009  1.9118077142350136  2.9967018483324233  -0.7398752571369124  1.969910549627691  2.6294012184937436  -1.904096798716628  4.861028997850694  0.8456770785941508  -0.2741309807130629  4.853976734222336  1.8056119671747477  -1.0272072112068023  2.6567861401457806  1.773298671112869  -1.0530970675403268  4.142795244413994  1.9152962080761853  -1.075600232003119  -1.2456155924109866  1.6124918737635938  -1.2125532721912535  8.040212838015696  -0.19835939292675608  -1.6206301546054305  -0.04676624900085724  3.9630149036766142  -0.5158636774334091  0.05642994491765307  3.2421525361386014  -2.6269189694143944  6.796931697568134  0.0745938434623131  0.29144642283398764  6.785567152091512  -0.26007424204130514  -1.602276181397842  2.4340372090992  3.889927045538594  -0.48953619701920686  2.5369123444589503  3.3312809302160162  -2.532565095078796  4.318614538027195  0.17772671377525256  0.3873333086247998  4.307792135204307
ENERGY -463.3802356946845

JOB 20
COORDS  1.8826986908074885  -1.0460585384473586  -0.16323251983760093  1.6664500647826457  -1.1551091577405128  6.9600427241332605  0.6668845583477552  -1.2197019082196128  0.506751053366569  3.058721202664313  -0.8813275864685997  0.5764658190353228  2.668649868896282  -1.8458466887052147  6.270325079386978  0.7102824993441872  -0.43019839759750483  6.240625151146985  0.6280466428317292  -1.2276225887221315  1.9031183472417277  3.018198357362519  -0.8894618290299883  1.9727331779229627  2.7141551706101263  -1.81092125288575  4.874572389172972  0.7572591503432113  -0.3962921063323786  4.844946690758259  1.802196818991595  -1.058754796804615  2.6574011176726926  1.7617721490755485  -1.0826136867454845  4.1406732165017095  1.913521352880021  -1.0402983960766956  -1.2497037559503896  1.6303180926509449  -1.1823562448293485  8.046023922155843  -0.25099988745428864  -1.3598915916649654  -0.058724591741494046  4.007638454030068  -0.7385039318972026  0.06550906441911723  3.4096639826041835  -2.4214043724354064  6.819469565255938  -0.06840994258440934  0.11588520913230271  6.767267314193537  -0.31675785527307093  -1.3888102386796055  2.4157089096430995  3.9331701843597955  -0.7389199358556289  2.5398992299991336  3.480667245121056  -2.3712580658683846  4.345551928894486  0.02366204078507217  0.1871280757449457  4.294525527908525
ENERGY -463.3814329047816

JOB 21
COORDS  1.8856348163102932  -1.0194957887881182  -0.16933117597328268  1.6761695498504032  -1.1305302988292065  6.9672079945893115  0.6570171894960632  -1.0785657533377406  0.4966293698339859  3.068391773292543  -1.0005289386795602  0.5770266793397208  2.7430686866062532  -1.7261296675916689  6.286411314433094  0.6462058739895774  -0.5310613405639245  6.234989087424945  0.6131923079064778  -1.1200378823741168  1.8915419901042478  3.021827938902184  -1.0411308860790407  1.9719704609585391  2.7774406252001715  -1.723290646785681  4.8906272412912974  0.683206984428158  -0.5286229592615103  4.839178022810251  1.7941943496845587  -1.1078660514096943  2.656228806324535  1.7459648133184926  -1.1297865635444344  4.139958467356234  1.9208159360871542  -0.9868168361278691  -1.255129419431158  1.6486959484221781  -1.1319161088503555  8.0537190543633  -0.2696350249592027  -1.1009385531633917  -0.07142440377913882  4.029628390361642  -0.9414860191777128  0.07261949287689345  3.546639566321021  -2.2017033505994585  6.8431625594556245  -0.18230408241368307  -0.053068901655667876  6.751689070557468  -0.3489493125045459  -1.1966398668379714  2.390115004559402  3.9490691888419636  -0.9894823910454023  2.535432071243979  3.598512919546443  -2.2175038514670575  4.379000474735762  -0.107325483487747  -0.02710663582637757  4.288278536598545
ENERGY -463.38127452478346

JOB 22
COORDS  1.8901664544788164  -1.003466215842271  -0.17929884623545636  1.679710732314164  -1.1147250144573744  6.978023758134684  0.6648984529728024  -0.9307925019398096  0.4903599496915871  3.0645475119251278  -1.1356350978725276  0.5677451734359052  2.804869160317957  -1.5920551887440584  6.298927022610882  0.5867512930890854  -0.6527007933059201  6.238637650076141  0.6165895398124857  -0.9925154579122183  1.8838929422335027  3.0123030058852183  -1.1955469406644326  1.9613702125546404  2.833382612489959  -1.609141088496836  4.903584415613503  0.6196577812575751  -0.6700034688824279  4.843239806532167  1.7870908101286545  -1.1375181180660785  2.653406503020725  1.7381245261431155  -1.1593968196119904  4.141117438620013  1.9293906315832605  -0.9544627480743592  -1.2642859064063905  1.6564476559109071  -1.0998060934216518  8.064473945933411  -0.25896551171741045  -0.8304873216467967  -0.07376991467818896  4.0276816390318535  -1.179443121858971  0.0654384829815791  3.663282491868425  -1.9577119406974253  6.856825516270696  -0.29122626292401255  -0.2646272664386425  6.748944364978792  -0.3531699289357612  -0.9622353783924815  2.3700411876421326  3.9451192518864673  -1.2602014891812054  2.511798325839951  3.710801692828346  -2.0128347017357737  4.408739174807905  -0.23018140462732645  -0.26915618486733156  4.300680835482361
ENERGY -463.3796992800587

JOB 23
COORDS  1.8864113346167997  -1.035483038599585  -0.18969793942771013  1.6678397761419963  -1.145132480435441  6.98689540880135  0.697230094356435  -0.757046051327695  0.48987873319430425  3.032292074649296  -1.3355348372480635  0.5522192930997687  2.8570967319673004  -1.4234352742316732  6.307391789571271  0.5219317048820403  -0.8450257350101936  6.24503844987548  0.6573968045315057  -0.7789280335913309  1.884716905959753  2.987315056615555  -1.3561484314566696  1.9469188142623517  2.897073190513853  -1.4014209597051326  4.912566140667305  0.5668474188852061  -0.824243055572358  4.850345937898989  1.7998963463528719  -1.0787676617005593  2.6529468708846276  1.754429079382362  -1.1015504480749085  4.144548418783684  1.9194845542451549  -1.019003062713486  -1.2758234515918072  1.634709050226313  -1.161829918963662  8.073015493338557  -0.20629250422603254  -0.5210953831823367  -0.06673320205535194  3.9682135884093834  -1.5552421675473431  0.04465716995489039  3.7605838105216463  -1.6594002980624374  6.8640532660827605  -0.4139687759197286  -0.6253388050853099  6.752645828728028  -0.2868787719449191  -0.5564979368396611  2.3684873430388826  3.9006534535135993  -1.5939822955175664  2.480225864286013  3.841393384979227  -1.6236143075454117  4.428762132847198  -0.3464614332726219  -0.5863692016282425  4.316994578296745
ENERGY -463.3783895454147
